'110010011000000101110000111110011000000010010101101100001011011011101001011010100111001010001011100
0000011101111111100000100111001010000011011001111111101100010100100010111110110101100100001000000111
1111001110001001101000110010100010001101100010101001001110010001111010100111000000001010000010101100
1100000011101011001010111010101001011110000100100011100101101111110101001100110111010001010101111100
0010111000110111111111011100100011001111101010011000010100100010000101010011111101101010101101001010
1110101011011110000110010100110001001001100001101011010011100001010000010011101011100001101011010101
1000001111100011001001111100001101010010100000000011110100000001110110011101010110111110111110110001
0110101001001000110101011001111101000101111101011100111000011111001110111100000011000100111110010110
1001001110010000001010110111010011000011010001011111010001001110010110011111110010110110010111011010
0010010111110000000000001011001000101011111001101111001110101010101010010001110001110101111011111110
0000001111100111010111100101001001011100110000101010100110010001001001100101010001100001110001011111
0010100100100100001010110010011101011111010010011010100011000011101110100011000110101000000011101101
1011111101000100000000110100100101000100010111111001001110101110100100000110001110101001111001011010
0000110001110100111000101111011100110000000101100010010111001010010111001010001101110000010101111001
0101110111010011011101000110100000111010011100110111101100001100011000111101001011000010100111100110
1000001000111100101101011110000010100010111110100100011101100011000000110100100100001010100111000111
1010000110010010000010000111101000100101110011000000001001111111010110110011101011000000000000110001
1110011011000010001010101001010010001110100100100101010010010010011110000011011100111110111010010001
1010101100011010000000100110100110000000111101001110110101000011100111111001111000000000110101010110
1001101101111010111010001100011100001101111001111101011010100100011110000000101111011100001001010111
0101010010010011100001000011010110010010001111000000011110001110000111100110010100100011010011111000
1101001001111001000000111110111001011010000111110001001111001010100000100010111001111111001010110010
0010011111001111100001000101010100001001000101000001011010010000110110011001001100011010110110110001
0011100011010111011101001000111001000010011100110011100010010111101110000111000011110100111110000101
0101110110100000100100111001101111111001011111000101111100111000110101111111110110000001101011010110
1100011010010101010011010100000101101000001001011011111101001010011001111100001001100000001110101011
1010110010100111110000011110111110110011101010010110111000000000101011100100010001010001100001101101
0100100110101110011100000110011000001001100111011001010110011010111011110000111110101010110111110001
0111110011100110111110001001101000001101001101001110000001110101100000010101111000010100011100100010
1101111110101111101111100111010000001000100000000100111110101110100101110001001100001101010000010010
0001001000101110010000010101010101001101010100100011110110000001110000010000000111100100111111010011
0111001110110010100001010100000110001110101101101001000100110000111100111110110001000111101001110010
1000011000011111011000110001011101010001001100110001001000000101100110111111001000000111010011001010
1101010100110110001001011001100110100101110010010101110101000110100001001001101111101101000110101011
0100000011111110100010111111010000001101000111010010101111000101011101011110000001011101100101001000
0100010111101011010001110101000100110110111111000001101110110010000101111101010010110001101000111001
0010000100100000111000111110101111010101010001101101001101100001000001110001110110000010100011110100
1100001110010000001011011001001111011001110101101110111010000011000101100000001010100100101011010110
0110100101101000001110100100011101011010011110111011010000001101011011110011101101101111010010100000
1111111011100000000011100100001110100100010110110100001110111110101010111101011001101101001011101101
1011001000010010000111010101010000011100100000000111111010000001001101001111011101110000100001111001
0101101111001000000011001100000011101010110101110001101101001111100100011111000100101100101000000101
0100011001001010001111101010110111111001000101000001000010011011111010000010110000111010101000101101
1011001001110101010100100100101000101011111001011110110000010010011100001100001110110010110000010000
1011110110110111100111011011110011001010000101111101110100000110100110000011100010110001110000111010
1001000111111101011001100101010000010001011100100110000001011000110110110111110010110011100010110000
1110111011100101000000100001111111010001101110011111100110001100111001011111111010110100110010100001
1111001110011010011001001000101001010011001111100000001010010001111001010110000100001010001100100101
0111101000000101000111101100001101100100110010011111001000101100100001100100111011101101110001010100
1011110100011001001111101111111010101011110000001010110011000100000000010000011011100101000001000000
0111011100100010101100101000010100011110110001100001000111010100101011001000011010010101010101111001
1000011100101110111011101111001010100111100000010100011100101010000100111001001100001001100001111001
1000011101011000000000101111010010000100011010010111110111000101011000101000001101100110001010001000
0010111010110010010010000101001110001010010100101100111001011010000010111101110011011110000110001100
1101000100001101010101111010010011011011101101010010100010110101111111111010011001101100111001101101
0011111100010010111010001001000101101011111111010010001111111110101011000110011111101010010110000110
0000000101010100100001010101010011111000000100100100010111010011111111010010101111001001000100110011
0110111100010101100001010011101110100000110100001100100001000001000101111001100000111110001110001101
1001011100110110100100100011111101101011111111011011110011010011010100101110011110101010010001000110
0101001111001100010111101011111110111111100011100110111010110110011101110001110010011000101110100111
1111101111101110110001101100000111001010000111011101110011000110011100001101100010111010000000000001
1011101001101000011000101010000101000100011010100101011101110010110100010101110010000111100010001101
1110011000000111110110101001110011011000000011011100100000111100011110110100100100110000010011111011
0101100111000110101011010001000001111100111000010110010100101111001010101101111011100101010010010001
0101010110000011001010101111101001011100110100000000000010100011111111000100001001011110101110001011
0001110001111110100100000101100101101011010100101011110110101100000111010101110000110010011011111011
0011100100000101011010111110010110110100100001101011011111110010101011001111000110001010000101001001
1011111000101111001000111010000110001001101111011111000110100001000011000110001110011000000110100110
1001000000000011100111111011010101011110111011110011011001110011011001000111000011000001000010110000
1011101100001011101001101010100010000011001100100000100010100101101100100111010110110101011100000001
1011010001110111111011111110010111101110110101010101000110000001011011010101110000100000110000001011
1110100001100010000111100001100101100001000111100100101101010000111101001001001000100111001011010100
0001111001100001111111100000111011110101000110110110110111110001010100010111111011101010100111001011
1001011111101000001111010000100010101010100110000000101100011111101111011010111001111100001001100101
1100101100011010101010011110001010000111111100010001110000110111111100010111011110110111110111011011
1011110110111001011000011000111110101010110100011111100100110001000100110010101111011000110011100010
0100000110100100001000101110011110110111101000111011010001100100100011010000010101101010111110100101
0011110000000011101001111001010000001101010111110001100110110101010001101000001100100001001101101100
1100011111010111110101111111010011111111110101100000101111011101010010100000010010111100011011110000
1001001010100000101101100001111111010101101100000110110110111010011110011101111100101011001110110010
1110101011000100100001110110011111100001011100110010001010111011010010110111100001000101000001100111
0101000100111101110010110000000000001011010111111001100000010100011011101011010100101111011111000100
1010111011010110111011011101110111011010111000110110100001011001110101111010010010100101011011011011
0000001110010011101010000001010001010010101001011111001101001100010011101001001011110101001001010000
0001110000100011100001110101111000001101011010101101111101100010110101001111011010111001011011001111
0000110010001111110110000111010011110101000011101001011110111101111001011010000110110011011111100010
0000111000101110000001010101010100101101110001111101100100011010011000100010111111001001110010001001
1101011010010010101011111001000101111000010101001100001111000001010010101001010010110011001000110001
0110010100010110110010010011000100000010111111001010100101111001011001100110011111100000011101011010
1110100110011001011000011010001000100000001010010101001100101101001010010011001011111001110010111010
0111110011101001101110111000101101101100001010111110111100000010011010010110001101100011011100111000
0111101100000011000010011011000011011000110100110111110101101111100010001011010100110111000101010010
1000011001101100111101000100011111101100010011011101111011011101001010111001100100100111001011100010
1110001001111101001101010110101111001100110010010000111111001111110010100001101001001111111010101011
0011101100000011010010110000100000111101000010001101000100010011100010111111001111111110000101011110
1001001111101011111001010101101010110001110100110111010101110100010001001011000001111011100111101001
1100100001000001110111100101100100010111011001101001011101100110111101010000011000111010101100001111
1100100001100010010001111011111011101010000110100101001110110101101101011111011011100001000111101011
0011101010001001100101101011111111011011111111001100001100001010110010000010110011100111110010100100
1100110000111111101000101111100100101100001000001001101001010101110111010101000110001000011111111110
0'